28630
25049
11498
2676
4630
3728
21285
4836
24871
7687
47
25854
2622
8382
26794
8198
3496
18024
5427
31817
21485
4018
3390
15030
11309
30992
24587
8298
21993
916
13488
13943
1069
20982
10913
22897
26000
7786
26689
21829
28869
13695
17968
13160
11384
19476
31770
23736
25161
25316
5753
13351
11893
24833
21529
2161
21430
6426
15406
15680
26258
17090
3310
31854
29267
28599
30894
14844
30378
23832
5165
27699
12147
24570
23189
2833
19631
5478
329
12219
26609
21763
21969
11769
27958
5095
30429
23980
28589
853
2416
23878
18972
6481
15034
12790
17437
9461
5386
30750
21676
5170
1055
14702
17124
15710
3426
16013
21499
15153
14759
10132
3789
3592
22346
6546
23800
30633
10473
30993
10737
17459
5393
23950
19175
19883
13758
4350
21964
4074
31940
17843
15275
32166
20935
11200
29363
9221
5018
13518
2455
18802
13004
6944
7037
29147
14058
1699
3197
16178
